Math
Physics
Chemistry